0.0340019 3439 0 0
0.0850048 3431 0 0
0.1360077 3431 0 0
0.1870107 3431 0 0
0.2380136 3431 0 0
0.2890165 3431 0 0
0.3410195 3431 0 0
0.3920224 3431 0 0
0.4430253 3431 0 0
0.4950283 3431 0 0
0.5460312 3431 0 0
0.5970341 3435 0 0
0.648037 3435 0 0
0.7020401 3435 0 0
0.753043 3435 0 0
0.804046 3435 0 0
0.8550489 3435 0 0
0.9070518 3435 0 0
0.9580548 3435 0 0
1.0090577 3435 0 0
1.0600606 3435 0 0
1.1120636 3435 0 0
1.1640665 3440 0 0
1.2150695 3440 0 0
1.2680725 3440 0 0
1.3190754 3440 0 0
1.3700783 3440 0 0
1.4210812 3440 0 0
1.4740843 3440 0 0
1.5350878 3440 0 0
1.5860907 3440 0 0
1.6500943 3440 0 0
1.7040974 3436 0 0
1.7551004 3436 0 0
1.8061033 3436 0 0
1.8571062 3436 0 0
1.9091092 3436 0 0
1.9601121 3436 0 0
2.011115 3436 0 0
2.0621179 3436 0 0
2.1131208 3436 0 0
2.1641237 3436 0 0
2.2151267 3434 0 0
2.2661296 3434 0 0
2.3161324 3434 0 0
2.3681354 3434 0 0
2.4191383 3434 0 0
2.4711413 3434 0 0
2.5241443 3434 0 0
2.5771474 3434 44 44
2.6291503 3434 44 44
2.6821534 3434 44 44
2.7331563 3435 44 44
2.7851593 3435 44 44
2.8411625 3435 44 44
2.8921654 3435 44 44
2.9441684 3435 44 44
2.9971714 3435 44 44
3.0491744 3435 44 44
3.1001773 3435 44 44
3.1511802 3435 44 44
3.2031832 3219 40 40
3.2601864 3219 40 40
3.3151896 3219 40 40
3.3671926 3219 40 40
3.4181955 3219 40 40
3.4701984 3219 40 40
3.5242015 3219 40 40
3.5762045 3219 40 40
3.6282075 3219 40 40
3.6792104 3219 40 40
3.7452142 2904 34 34
3.7962171 2904 34 34
3.8492201 2904 34 34
3.9042233 2904 34 34
3.9562262 2904 34 34
4.0082292 2904 34 34
4.0602322 2904 34 34
4.1112351 2904 34 34
4.162238 2904 34 34
4.2162411 2587 27 27
4.2762446 2587 27 27
4.3272475 2587 27 27
4.3792504 2587 27 27
4.4322535 2587 27 27
4.4832564 2587 27 27
4.5342593 2587 27 27
4.5852622 2587 27 27
4.6372652 2587 27 27
4.6922683 2272 21 21
4.7432713 2272 21 21
4.7952742 2272 21 21
4.8462772 2272 21 21
4.8972801 2272 21 21
4.949283 2272 21 21
5.000286 2272 21 21
5.0552891 2272 21 21
5.1082921 2272 21 21
5.1602951 2272 21 21
5.2122981 2272 21 21
5.2643011 1940 20 20
5.316304 1940 20 20
5.368307 1940 20 20
5.4193099 1940 20 20
5.4743131 1940 20 20
5.5263161 1940 20 20
5.578319 1940 20 20
5.6293219 1940 20 20
5.6863252 1635 20 20
5.7383282 1635 20 20
5.7913312 1635 20 20
5.8423341 1635 20 20
5.9083379 1635 20 20
5.9593408 1635 20 20
6.0103437 1635 20 20
6.0623467 1635 20 20
6.1143497 1635 20 20
6.1683528 1635 20 20
6.2193557 1331 2 2
6.2713587 1331 2 2
6.3233616 1331 2 2
6.3753646 1331 2 2
6.4273676 1331 2 2
6.4793706 1331 2 2
6.5323736 1331 2 2
6.5843766 1331 2 2
6.6353795 1331 2 2
6.6943829 1133 -1 -1
6.7463858 1133 -1 -1
6.7983888 1133 -1 -1
6.8493917 1133 -1 -1
6.9183957 1133 -1 -1
6.9703986 1133 -1 -1
7.0224016 1133 -1 -1
7.0734045 1133 -1 -1
7.1254075 1133 -1 -1
7.1764104 1133 -1 -1
7.2284134 1134 -1 -1
7.2794163 1134 -1 -1
7.3324194 1134 -1 -1
7.3844223 1134 -1 -1
7.4364253 1134 -1 -1
7.4914285 1134 -1 -1
7.5434314 1134 -1 -1
7.5954344 1134 -1 -1
7.6474374 1134 -1 -1
7.711441 1138 -1 -1
7.762444 1138 -1 -1
7.8144469 1138 -1 -1
7.8714502 1138 -1 -1
7.9234532 1138 -1 -1
7.9744561 1138 -1 -1
8.0264591 1138 -1 -1
8.0854624 1138 -1 -1
8.1374654 1138 -1 -1
8.1884683 1136 -1 -1
8.2394712 1136 -1 -1
8.2944744 1136 -1 -1
8.3474774 1136 -1 -1
8.3994804 1136 -1 -1
8.4514834 1136 -1 -1
8.5034863 1136 -1 -1
8.5544893 1136 -1 -1
8.6064922 1136 -1 -1
8.6584952 1136 -1 -1
8.7104982 1136 -1 -1
8.7625012 1136 -1 -1
8.8135041 1136 -1 -1
8.864507 1136 -1 -1
8.9155099 1136 -1 -1
8.9665128 1136 -1 -1
9.0195159 1136 -1 -1
9.0705188 1136 -1 -1
9.1225217 1136 -1 -1
9.1745247 1136 -1 -1
9.2255276 1136 -1 -1
9.2765306 1136 -1 -1
9.3285335 1144 -1 -1
9.3815366 1144 -1 -1
9.4335395 1144 -1 -1
9.4855425 1144 -1 -1
9.5375455 1144 -1 -1
9.5885484 1144 -1 -1
9.6395513 1144 -1 -1
9.6965546 1144 -1 -1
9.7495576 1144 -1 -1
9.809561 1135 -1 -1
9.860564 1135 -1 -1
9.9115669 1135 -1 -1
9.9635698 1135 -1 -1
10.0155728 1135 -1 -1
10.0675758 1135 -1 -1
10.1195788 1135 -1 -1
10.1715817 1135 -1 -1
10.2235847 1135 -1 -1
10.2745876 1135 -1 -1
10.3265906 1142 -1 -1
10.3775935 1142 -1 -1
10.4295965 1142 -1 -1
10.4825995 1142 -1 -1
10.5346025 1142 -1 -1
